p5: 62.683838 85.413033 11.545689 type:1
p4: 59.133137 51.827011 68.597626 type:1
p3: 73.034775 97.301559 43.412277 type:1
p2: 25.509605 97.927879 62.571224 type:1
p1: 1.330236 51.314350 51.913391 type:1
